* 7 * 6 * 16 * 16 * 30 * 20 * 10 * 28 * 31 * 31 * 18 * 31 * 25 * 19 * 18 * 
7 29 * * 19 20 * * 11 28 * * 30 28 * * * 28 11 * 17 30 9 20 22 11 31 * * * * 
* 3 * 3 * 23 * 11 * 28 * 19 * 21 * 10 * 21 * 1 * 27 * 3 * 24 * 28 * * * 
5 18 30 0 9 14 6 28 8 0 6 3 0 7 4 6 1 31 8 1 0 2 7 13 25 22 18 16 23 21 31 
1 30 * * 6 * * 19 16 7 3 * * * * * * * 31 0 15 19 21 7 11 0 22 2 6 20 14 
* 22 9 7 9 21 9 21 23 21 19 30 7 13 24 10 2 12 3 19 17 25 30 28 15 10 2 11 24 1 21 
29 29 0 6 0 8 18 9 0 2 23 28 2 0 21 18 16 11 1 16 2 7 22 27 1 19 11 31 32 17 19 
18 3 3 9 * 5 0 * * 5 18 2 17 * 8 7 27 31 4 * 14 11 * * * 27 19 2 6 14 11 
* 4 3 16 4 12 2 5 8 14 31 0 15 7 25 1 24 25 4 15 * 17 * 21 5 * 6 31 * 31 16 
4 3 8 * 23 * 14 6 12 9 0 7 21 9 22 29 7 16 16 2 3 2 1 31 1 20 28 22 12 11 1 
